《年降雨量频率曲线》计算成果
0.984719
样本均值 Ex=163.42
变差系数 Cv=0.23
偏态系数 Cs=1.05
倍比系数 Cs/Cv=4.57

序号	降雨量(mm)	频率(%)
1	249.00		2.63
2	238.00		5.26
3	234.00		7.89
4	227.00		10.53
5	203.00		13.16
6	201.00		15.79
7	193.00		18.42
8	192.00		21.05
9	184.00		23.68
10	179.00		26.32
11	178.59		28.95
12	172.57		31.58
13	169.00		34.21
14	167.00		36.84
15	164.00		39.47
16	160.00		42.11
17	160.00		44.74
18	160.00		47.37
19	159.00		50.00
20	158.00		52.63
21	156.00		55.26
22	155.00		57.89
23	152.00		60.53
24	149.00		63.16
25	148.53		65.79
26	146.00		68.42
27	143.00		71.05
28	140.00		73.68
29	133.00		76.32
30	133.00		78.95
31	129.00		81.58
32	127.00		84.21
33	124.00		86.84
34	119.98		89.47
35	116.00		92.11
36	115.00		94.74
37	112.00		97.37


标准频率对应的设计值

频率(%)		设计值
0.001		445.01
0.01		391.60
0.0333		363.04
0.05		353.26
0.1		336.41
0.2		319.29
0.3333		306.49
0.5		296.18
1		278.24
2		259.78
3.3333		245.75
5		234.29
10		213.82
20		191.67
25		183.99
30		177.44
40		166.39
50		156.96
60		148.37
70		140.07
75		135.86
80		131.47
85		126.76
90		121.42
95		114.61
97		110.86
99		105.05
99.9		98.35
99.99		95.17
99.999		93.57
